3.00  40  0.5  50  0.6
2500  0.12  0.2  0.4
2020  2020
0  100  0.0
2  100  0.0
3  100  0.0
4  100  0.0
5  100  0.0
6  100  0.0
7  0  30.0
8  0  30
9  0  30
10  0  30
11  0  30
12  0  30
13  0  30
14  0  30
15  0  30
16  0  30
17  0  30
18  0  30
19  0  30
20  0  30
21  0  30
22  0  30
23  0  30
24  0  30
25  0  30
26  0  30
27  0  30
28  0  30
29  0  30
30  0  30
31  0  30
32  0  30
33  0  30
34  0  30
35  0  30
36  0  30
37  0  30
38  0  30
39  0  30
40  0  30
41  0  30
42  0  30
43  0  30
44  0  30
45  0  30
46  0  30
47  0  30
48  0  30
49  0  30
50  0  30
51  0  30
52  0  30
53  0  30
54  0  30
55  0  30
56  0  30
57  0  30
58  0  30
59  0  30
60  0  30
61  0  30
62  0  30
63  0  30
64  0  30
65  0  30
66  0  30
67  0  30
68  0  30
69  0  30
70  0  30
71  0  30
72  0  30
73  0  30
74  0  30
75  0  30
76  0  30
77  0  30
78  0  30
79  0  30
80  0  30
